

====== Vettore disordinato ======

449
284
994
133
57
348
912
736
477
907
704
991
469
329
195
523
533
161
899
649
632
892
25
109
668
517
634
843
938
621
443
426
181
193
495
28
741
303
7
422
151
69
498
787
157
484
854
143
232
550
257
631
103
982
29
76
124
526
888
177
772
381
175
870
940
292
718
986
570
693
375
762
338
916
881
468
412
637
829
556
823
584
567
503
998
813
841
529
254
425
549
474
691
593
552
155
283
889
300
499
32
581
508
738
46
900
920
84
70
366
816
215
915
619
190
790
440
273
910
800
298
429
735
490
711
281
562
448
316
819
750
90
420
319
630
238
50
587
455
828
694
8
970
200
844
527
467
480
142
288
752
505
673
935
573
241
463
117
424
87
629
214
297
557
494
756
364
285
558
209
883
821
997
318
460
615
138
279
154
496
984
577
954
30
579
875
628
891
487
246
371
880
75
398
603
256
126
563
428
801
872
210
96
333
855
737
421
512
692
372
136
308
377
834
179
927
923
160
120
430
23
878
145
287
559
196
34
261
710
660
973
416
601
955
240
332
583
3
185
627
730
700
317
853
937
36
860
964
898
993
14
444
515
462
852
600
370
263
445
733
47
588
805
368
863
6
89
638
977
893
537
544
975
139
343
837
761
86
646
306
293
531
586
72
732
79
423
639
504
650
413
655
243
599
207
435
255
20
163
990
401
968
810
113
114
690
486
509
656
803
106
294
755
766
706
450
367
453
489
35
221
361
454
885
818
171
743
60
728
773
622
791
82
513
68
38
315
111
995
676
785
502
49
988
497
957
595
55
61
331
269
666
208
92
172
386
553
865
507
296
887
328
314
83
356
491
488
555
359
636
188
671
24
850
410
77
751
323
64
895
121
341
249
417
864
54
744
11
166
511
943
147
746
689
203
989
148
135
165
13
432
74
793
201
80
831
393
675
227
41
465
229
493
617
58
580
33
684
866
302
122
170
353
643
947
812
874
5
530
882
778
688
978
525
541
539
461
291
16
659
546
731
847
146
162
963
953
905
894
27
251
568
1
48
725
719
40
295
858
729
212
178
427
250
374
782
383
419
987
965
342
247
830
705
758
653
806
789
399
951
4
194
52
53
698
18
476
312
31
589
679
21
78
753
156
566
846
849
835
598
520
926
768
305
917
322
709
510
362
775
248
128
967
815
112
324
199
551
17
336
59
339
908
871
304
839
44
222
337
391
942
394
230
715
597
475
958
123
795
385
63
952
244
918
532
43
939
26
459
289
309
466
897
613
781
483
56
149
722
667
66
680
590
934
962
98
714
623
981
22
482
321
42
116
754
727
202
327
901
442
890
231
436
543
97
925
594
633
326
608
51
696
152
838
506
670
237
320
765
268
859
712
624
648
350
158
972
125
769
876
534
392
886
226
757
836
233
479
572
280
67
516
665
19
703
357
129
102
554
547
389
760
721
877
169
349
720
204
561
267
369
654
514
85
626
99
167
848
740
452
610
473
271
272
695
481
388
582
325
606
542
81
115
869
578
921
478
458
95
592
451
867
340
745
726
409
73
192
110
187
576
759
724
264
1000
205
687
971
253
792
913
471
39
699
602
518
780
45
191
277
108
879
896
564
919
776
346
681
387
826
223
390
345
184
827
198
635
282
825
777
406
936
904
211
948
742
352
259
433
618
574
335
658
94
164
213
797
189
909
976
278
682
310
270
224
101
845
88
851
749
378
612
814
949
707
748
180
176
266
739
747
979
438
439
127
522
784
701
307
173
354
702
857
820
960
472
833
239
798
944
652
678
928
347
441
521
713
500
842
941
225
118
607
683
134
929
560
470
411
418
299
168
873
674
932
464
431
407
313
642
980
130
933
856
137
382
447
144
734
966
884
999
672
661
956
414
260
358
596
446
10
105
485
685
664
902
107
2
614
611
403
717
996
774
640
861
538
62
770
868
380
355
274
723
569
400
779
71
186
65
565
764
605
174
220
301
456
457
625
799
903
697
311
677
437
276
651
262
802
153
930
197
415
811
808
961
395
716
575
351
37
365
182
528
686
242
992
645
548
228
206
234
159
644
817
922
379
832
985
402
931
93
290
384
404
265
571
950
591
334
236
807
616
100
519
360
330
662
536
663
535
804
620
657
183
763
501
796
824
840
708
945
767
524
585
959
788
604
983
275
786
969
397
12
647
245
914
216
344
809
235
405
9
91
641
150
258
911
545
131
141
669
408
363
218
771
376
906
783
286
104
140
119
15
217
974
609
132
396
924
434
219
252
946
373
862
822
492
540
794


====== Vettore disordinato ======


Durata dell'esecuzione in microsecondi: 0


====== Vettore ordinato con selection sort ======

1
2
3
4
5
6
7
8
9
10
11
12
13
14
15
16
17
18
19
20
21
22
23
24
25
26
27
28
29
30
31
32
33
34
35
36
37
38
39
40
41
42
43
44
45
46
47
48
49
50
51
52
53
54
55
56
57
58
59
60
61
62
63
64
65
66
67
68
69
70
71
72
73
74
75
76
77
78
79
80
81
82
83
84
85
86
87
88
89
90
91
92
93
94
95
96
97
98
99
100
101
102
103
104
105
106
107
108
109
110
111
112
113
114
115
116
117
118
119
120
121
122
123
124
125
126
127
128
129
130
131
132
133
134
135
136
137
138
139
140
141
142
143
144
145
146
147
148
149
150
151
152
153
154
155
156
157
158
159
160
161
162
163
164
165
166
167
168
169
170
171
172
173
174
175
176
177
178
179
180
181
182
183
184
185
186
187
188
189
190
191
192
193
194
195
196
197
198
199
200
201
202
203
204
205
206
207
208
209
210
211
212
213
214
215
216
217
218
219
220
221
222
223
224
225
226
227
228
229
230
231
232
233
234
235
236
237
238
239
240
241
242
243
244
245
246
247
248
249
250
251
252
253
254
255
256
257
258
259
260
261
262
263
264
265
266
267
268
269
270
271
272
273
274
275
276
277
278
279
280
281
282
283
284
285
286
287
288
289
290
291
292
293
294
295
296
297
298
299
300
301
302
303
304
305
306
307
308
309
310
311
312
313
314
315
316
317
318
319
320
321
322
323
324
325
326
327
328
329
330
331
332
333
334
335
336
337
338
339
340
341
342
343
344
345
346
347
348
349
350
351
352
353
354
355
356
357
358
359
360
361
362
363
364
365
366
367
368
369
370
371
372
373
374
375
376
377
378
379
380
381
382
383
384
385
386
387
388
389
390
391
392
393
394
395
396
397
398
399
400
401
402
403
404
405
406
407
408
409
410
411
412
413
414
415
416
417
418
419
420
421
422
423
424
425
426
427
428
429
430
431
432
433
434
435
436
437
438
439
440
441
442
443
444
445
446
447
448
449
450
451
452
453
454
455
456
457
458
459
460
461
462
463
464
465
466
467
468
469
470
471
472
473
474
475
476
477
478
479
480
481
482
483
484
485
486
487
488
489
490
491
492
493
494
495
496
497
498
499
500
501
502
503
504
505
506
507
508
509
510
511
512
513
514
515
516
517
518
519
520
521
522
523
524
525
526
527
528
529
530
531
532
533
534
535
536
537
538
539
540
541
542
543
544
545
546
547
548
549
550
551
552
553
554
555
556
557
558
559
560
561
562
563
564
565
566
567
568
569
570
571
572
573
574
575
576
577
578
579
580
581
582
583
584
585
586
587
588
589
590
591
592
593
594
595
596
597
598
599
600
601
602
603
604
605
606
607
608
609
610
611
612
613
614
615
616
617
618
619
620
621
622
623
624
625
626
627
628
629
630
631
632
633
634
635
636
637
638
639
640
641
642
643
644
645
646
647
648
649
650
651
652
653
654
655
656
657
658
659
660
661
662
663
664
665
666
667
668
669
670
671
672
673
674
675
676
677
678
679
680
681
682
683
684
685
686
687
688
689
690
691
692
693
694
695
696
697
698
699
700
701
702
703
704
705
706
707
708
709
710
711
712
713
714
715
716
717
718
719
720
721
722
723
724
725
726
727
728
729
730
731
732
733
734
735
736
737
738
739
740
741
742
743
744
745
746
747
748
749
750
751
752
753
754
755
756
757
758
759
760
761
762
763
764
765
766
767
768
769
770
771
772
773
774
775
776
777
778
779
780
781
782
783
784
785
786
787
788
789
790
791
792
793
794
795
796
797
798
799
800
801
802
803
804
805
806
807
808
809
810
811
812
813
814
815
816
817
818
819
820
821
822
823
824
825
826
827
828
829
830
831
832
833
834
835
836
837
838
839
840
841
842
843
844
845
846
847
848
849
850
851
852
853
854
855
856
857
858
859
860
861
862
863
864
865
866
867
868
869
870
871
872
873
874
875
876
877
878
879
880
881
882
883
884
885
886
887
888
889
890
891
892
893
894
895
896
897
898
899
900
901
902
903
904
905
906
907
908
909
910
911
912
913
914
915
916
917
918
919
920
921
922
923
924
925
926
927
928
929
930
931
932
933
934
935
936
937
938
939
940
941
942
943
944
945
946
947
948
949
950
951
952
953
954
955
956
957
958
959
960
961
962
963
964
965
966
967
968
969
970
971
972
973
974
975
976
977
978
979
980
981
982
983
984
985
986
987
988
989
990
991
992
993
994
995
996
997
998
999
1000


====== Vettore ordinato con selection sort ======


Durata dell'esecuzione in microsecondi: 8514


====== Vettore ordinato con insertion sort ======

1
2
3
4
5
6
7
8
9
10
11
12
13
14
15
16
17
18
19
20
21
22
23
24
25
26
27
28
29
30
31
32
33
34
35
36
37
38
39
40
41
42
43
44
45
46
47
48
49
50
51
52
53
54
55
56
57
58
59
60
61
62
63
64
65
66
67
68
69
70
71
72
73
74
75
76
77
78
79
80
81
82
83
84
85
86
87
88
89
90
91
92
93
94
95
96
97
98
99
100
101
102
103
104
105
106
107
108
109
110
111
112
113
114
115
116
117
118
119
120
121
122
123
124
125
126
127
128
129
130
131
132
133
134
135
136
137
138
139
140
141
142
143
144
145
146
147
148
149
150
151
152
153
154
155
156
157
158
159
160
161
162
163
164
165
166
167
168
169
170
171
172
173
174
175
176
177
178
179
180
181
182
183
184
185
186
187
188
189
190
191
192
193
194
195
196
197
198
199
200
201
202
203
204
205
206
207
208
209
210
211
212
213
214
215
216
217
218
219
220
221
222
223
224
225
226
227
228
229
230
231
232
233
234
235
236
237
238
239
240
241
242
243
244
245
246
247
248
249
250
251
252
253
254
255
256
257
258
259
260
261
262
263
264
265
266
267
268
269
270
271
272
273
274
275
276
277
278
279
280
281
282
283
284
285
286
287
288
289
290
291
292
293
294
295
296
297
298
299
300
301
302
303
304
305
306
307
308
309
310
311
312
313
314
315
316
317
318
319
320
321
322
323
324
325
326
327
328
329
330
331
332
333
334
335
336
337
338
339
340
341
342
343
344
345
346
347
348
349
350
351
352
353
354
355
356
357
358
359
360
361
362
363
364
365
366
367
368
369
370
371
372
373
374
375
376
377
378
379
380
381
382
383
384
385
386
387
388
389
390
391
392
393
394
395
396
397
398
399
400
401
402
403
404
405
406
407
408
409
410
411
412
413
414
415
416
417
418
419
420
421
422
423
424
425
426
427
428
429
430
431
432
433
434
435
436
437
438
439
440
441
442
443
444
445
446
447
448
449
450
451
452
453
454
455
456
457
458
459
460
461
462
463
464
465
466
467
468
469
470
471
472
473
474
475
476
477
478
479
480
481
482
483
484
485
486
487
488
489
490
491
492
493
494
495
496
497
498
499
500
501
502
503
504
505
506
507
508
509
510
511
512
513
514
515
516
517
518
519
520
521
522
523
524
525
526
527
528
529
530
531
532
533
534
535
536
537
538
539
540
541
542
543
544
545
546
547
548
549
550
551
552
553
554
555
556
557
558
559
560
561
562
563
564
565
566
567
568
569
570
571
572
573
574
575
576
577
578
579
580
581
582
583
584
585
586
587
588
589
590
591
592
593
594
595
596
597
598
599
600
601
602
603
604
605
606
607
608
609
610
611
612
613
614
615
616
617
618
619
620
621
622
623
624
625
626
627
628
629
630
631
632
633
634
635
636
637
638
639
640
641
642
643
644
645
646
647
648
649
650
651
652
653
654
655
656
657
658
659
660
661
662
663
664
665
666
667
668
669
670
671
672
673
674
675
676
677
678
679
680
681
682
683
684
685
686
687
688
689
690
691
692
693
694
695
696
697
698
699
700
701
702
703
704
705
706
707
708
709
710
711
712
713
714
715
716
717
718
719
720
721
722
723
724
725
726
727
728
729
730
731
732
733
734
735
736
737
738
739
740
741
742
743
744
745
746
747
748
749
750
751
752
753
754
755
756
757
758
759
760
761
762
763
764
765
766
767
768
769
770
771
772
773
774
775
776
777
778
779
780
781
782
783
784
785
786
787
788
789
790
791
792
793
794
795
796
797
798
799
800
801
802
803
804
805
806
807
808
809
810
811
812
813
814
815
816
817
818
819
820
821
822
823
824
825
826
827
828
829
830
831
832
833
834
835
836
837
838
839
840
841
842
843
844
845
846
847
848
849
850
851
852
853
854
855
856
857
858
859
860
861
862
863
864
865
866
867
868
869
870
871
872
873
874
875
876
877
878
879
880
881
882
883
884
885
886
887
888
889
890
891
892
893
894
895
896
897
898
899
900
901
902
903
904
905
906
907
908
909
910
911
912
913
914
915
916
917
918
919
920
921
922
923
924
925
926
927
928
929
930
931
932
933
934
935
936
937
938
939
940
941
942
943
944
945
946
947
948
949
950
951
952
953
954
955
956
957
958
959
960
961
962
963
964
965
966
967
968
969
970
971
972
973
974
975
976
977
978
979
980
981
982
983
984
985
986
987
988
989
990
991
992
993
994
995
996
997
998
999
1000


====== Vettore ordinato con insertion sort ======


Durata dell'esecuzione in microsecondi: 11745


====== Vettore ordinato con bubblesort ======

1
2
3
4
5
6
7
8
9
10
11
12
13
14
15
16
17
18
19
20
21
22
23
24
25
26
27
28
29
30
31
32
33
34
35
36
37
38
39
40
41
42
43
44
45
46
47
48
49
50
51
52
53
54
55
56
57
58
59
60
61
62
63
64
65
66
67
68
69
70
71
72
73
74
75
76
77
78
79
80
81
82
83
84
85
86
87
88
89
90
91
92
93
94
95
96
97
98
99
100
101
102
103
104
105
106
107
108
109
110
111
112
113
114
115
116
117
118
119
120
121
122
123
124
125
126
127
128
129
130
131
132
133
134
135
136
137
138
139
140
141
142
143
144
145
146
147
148
149
150
151
152
153
154
155
156
157
158
159
160
161
162
163
164
165
166
167
168
169
170
171
172
173
174
175
176
177
178
179
180
181
182
183
184
185
186
187
188
189
190
191
192
193
194
195
196
197
198
199
200
201
202
203
204
205
206
207
208
209
210
211
212
213
214
215
216
217
218
219
220
221
222
223
224
225
226
227
228
229
230
231
232
233
234
235
236
237
238
239
240
241
242
243
244
245
246
247
248
249
250
251
252
253
254
255
256
257
258
259
260
261
262
263
264
265
266
267
268
269
270
271
272
273
274
275
276
277
278
279
280
281
282
283
284
285
286
287
288
289
290
291
292
293
294
295
296
297
298
299
300
301
302
303
304
305
306
307
308
309
310
311
312
313
314
315
316
317
318
319
320
321
322
323
324
325
326
327
328
329
330
331
332
333
334
335
336
337
338
339
340
341
342
343
344
345
346
347
348
349
350
351
352
353
354
355
356
357
358
359
360
361
362
363
364
365
366
367
368
369
370
371
372
373
374
375
376
377
378
379
380
381
382
383
384
385
386
387
388
389
390
391
392
393
394
395
396
397
398
399
400
401
402
403
404
405
406
407
408
409
410
411
412
413
414
415
416
417
418
419
420
421
422
423
424
425
426
427
428
429
430
431
432
433
434
435
436
437
438
439
440
441
442
443
444
445
446
447
448
449
450
451
452
453
454
455
456
457
458
459
460
461
462
463
464
465
466
467
468
469
470
471
472
473
474
475
476
477
478
479
480
481
482
483
484
485
486
487
488
489
490
491
492
493
494
495
496
497
498
499
500
501
502
503
504
505
506
507
508
509
510
511
512
513
514
515
516
517
518
519
520
521
522
523
524
525
526
527
528
529
530
531
532
533
534
535
536
537
538
539
540
541
542
543
544
545
546
547
548
549
550
551
552
553
554
555
556
557
558
559
560
561
562
563
564
565
566
567
568
569
570
571
572
573
574
575
576
577
578
579
580
581
582
583
584
585
586
587
588
589
590
591
592
593
594
595
596
597
598
599
600
601
602
603
604
605
606
607
608
609
610
611
612
613
614
615
616
617
618
619
620
621
622
623
624
625
626
627
628
629
630
631
632
633
634
635
636
637
638
639
640
641
642
643
644
645
646
647
648
649
650
651
652
653
654
655
656
657
658
659
660
661
662
663
664
665
666
667
668
669
670
671
672
673
674
675
676
677
678
679
680
681
682
683
684
685
686
687
688
689
690
691
692
693
694
695
696
697
698
699
700
701
702
703
704
705
706
707
708
709
710
711
712
713
714
715
716
717
718
719
720
721
722
723
724
725
726
727
728
729
730
731
732
733
734
735
736
737
738
739
740
741
742
743
744
745
746
747
748
749
750
751
752
753
754
755
756
757
758
759
760
761
762
763
764
765
766
767
768
769
770
771
772
773
774
775
776
777
778
779
780
781
782
783
784
785
786
787
788
789
790
791
792
793
794
795
796
797
798
799
800
801
802
803
804
805
806
807
808
809
810
811
812
813
814
815
816
817
818
819
820
821
822
823
824
825
826
827
828
829
830
831
832
833
834
835
836
837
838
839
840
841
842
843
844
845
846
847
848
849
850
851
852
853
854
855
856
857
858
859
860
861
862
863
864
865
866
867
868
869
870
871
872
873
874
875
876
877
878
879
880
881
882
883
884
885
886
887
888
889
890
891
892
893
894
895
896
897
898
899
900
901
902
903
904
905
906
907
908
909
910
911
912
913
914
915
916
917
918
919
920
921
922
923
924
925
926
927
928
929
930
931
932
933
934
935
936
937
938
939
940
941
942
943
944
945
946
947
948
949
950
951
952
953
954
955
956
957
958
959
960
961
962
963
964
965
966
967
968
969
970
971
972
973
974
975
976
977
978
979
980
981
982
983
984
985
986
987
988
989
990
991
992
993
994
995
996
997
998
999
1000


====== Vettore ordinato con bubblesort ======


Durata dell'esecuzione in microsecondi: 18459


====== Vettore ordinato con mergesort ======

1
2
3
4
5
6
7
8
9
10
11
12
13
14
15
16
17
18
19
20
21
22
23
24
25
26
27
28
29
30
31
32
33
34
35
36
37
38
39
40
41
42
43
44
45
46
47
48
49
50
51
52
53
54
55
56
57
58
59
60
61
62
63
64
65
66
67
68
69
70
71
72
73
74
75
76
77
78
79
80
81
82
83
84
85
86
87
88
89
90
91
92
93
94
95
96
97
98
99
100
101
102
103
104
105
106
107
108
109
110
111
112
113
114
115
116
117
118
119
120
121
122
123
124
125
126
127
128
129
130
131
132
133
134
135
136
137
138
139
140
141
142
143
144
145
146
147
148
149
150
151
152
153
154
155
156
157
158
159
160
161
162
163
164
165
166
167
168
169
170
171
172
173
174
175
176
177
178
179
180
181
182
183
184
185
186
187
188
189
190
191
192
193
194
195
196
197
198
199
200
201
202
203
204
205
206
207
208
209
210
211
212
213
214
215
216
217
218
219
220
221
222
223
224
225
226
227
228
229
230
231
232
233
234
235
236
237
238
239
240
241
242
243
244
245
246
247
248
249
250
251
252
253
254
255
256
257
258
259
260
261
262
263
264
265
266
267
268
269
270
271
272
273
274
275
276
277
278
279
280
281
282
283
284
285
286
287
288
289
290
291
292
293
294
295
296
297
298
299
300
301
302
303
304
305
306
307
308
309
310
311
312
313
314
315
316
317
318
319
320
321
322
323
324
325
326
327
328
329
330
331
332
333
334
335
336
337
338
339
340
341
342
343
344
345
346
347
348
349
350
351
352
353
354
355
356
357
358
359
360
361
362
363
364
365
366
367
368
369
370
371
372
373
374
375
376
377
378
379
380
381
382
383
384
385
386
387
388
389
390
391
392
393
394
395
396
397
398
399
400
401
402
403
404
405
406
407
408
409
410
411
412
413
414
415
416
417
418
419
420
421
422
423
424
425
426
427
428
429
430
431
432
433
434
435
436
437
438
439
440
441
442
443
444
445
446
447
448
449
450
451
452
453
454
455
456
457
458
459
460
461
462
463
464
465
466
467
468
469
470
471
472
473
474
475
476
477
478
479
480
481
482
483
484
485
486
487
488
489
490
491
492
493
494
495
496
497
498
499
500
501
502
503
504
505
506
507
508
509
510
511
512
513
514
515
516
517
518
519
520
521
522
523
524
525
526
527
528
529
530
531
532
533
534
535
536
537
538
539
540
541
542
543
544
545
546
547
548
549
550
551
552
553
554
555
556
557
558
559
560
561
562
563
564
565
566
567
568
569
570
571
572
573
574
575
576
577
578
579
580
581
582
583
584
585
586
587
588
589
590
591
592
593
594
595
596
597
598
599
600
601
602
603
604
605
606
607
608
609
610
611
612
613
614
615
616
617
618
619
620
621
622
623
624
625
626
627
628
629
630
631
632
633
634
635
636
637
638
639
640
641
642
643
644
645
646
647
648
649
650
651
652
653
654
655
656
657
658
659
660
661
662
663
664
665
666
667
668
669
670
671
672
673
674
675
676
677
678
679
680
681
682
683
684
685
686
687
688
689
690
691
692
693
694
695
696
697
698
699
700
701
702
703
704
705
706
707
708
709
710
711
712
713
714
715
716
717
718
719
720
721
722
723
724
725
726
727
728
729
730
731
732
733
734
735
736
737
738
739
740
741
742
743
744
745
746
747
748
749
750
751
752
753
754
755
756
757
758
759
760
761
762
763
764
765
766
767
768
769
770
771
772
773
774
775
776
777
778
779
780
781
782
783
784
785
786
787
788
789
790
791
792
793
794
795
796
797
798
799
800
801
802
803
804
805
806
807
808
809
810
811
812
813
814
815
816
817
818
819
820
821
822
823
824
825
826
827
828
829
830
831
832
833
834
835
836
837
838
839
840
841
842
843
844
845
846
847
848
849
850
851
852
853
854
855
856
857
858
859
860
861
862
863
864
865
866
867
868
869
870
871
872
873
874
875
876
877
878
879
880
881
882
883
884
885
886
887
888
889
890
891
892
893
894
895
896
897
898
899
900
901
902
903
904
905
906
907
908
909
910
911
912
913
914
915
916
917
918
919
920
921
922
923
924
925
926
927
928
929
930
931
932
933
934
935
936
937
938
939
940
941
942
943
944
945
946
947
948
949
950
951
952
953
954
955
956
957
958
959
960
961
962
963
964
965
966
967
968
969
970
971
972
973
974
975
976
977
978
979
980
981
982
983
984
985
986
987
988
989
990
991
992
993
994
995
996
997
998
999
1000


====== Vettore ordinato con mergesort ======


Durata dell'esecuzione in microsecondi: 4184


====== Vettore ordinato con quicksort con scelta del pivot banale ======

1
2
8
3
6
4
5
7
9
11
10
12
13
14
15
90
16
17
18
19
28
20
24
21
22
27
23
25
26
29
30
31
32
34
33
36
35
37
47
38
39
40
41
44
42
43
45
46
48
49
50
75
51
54
52
53
55
57
56
58
59
60
61
62
63
64
65
67
66
68
69
70
76
71
72
74
73
77
112
78
82
79
80
81
83
84
85
86
88
87
89
91
95
92
93
94
96
97
98
102
99
101
100
103
104
105
106
125
107
108
111
109
118
110
113
117
114
115
116
119
123
120
121
122
124
128
126
127
129
130
131
132
215
133
134
135
136
138
137
139
140
152
141
142
143
144
145
146
147
148
149
154
150
151
153
155
156
157
158
169
159
160
161
163
162
164
170
165
166
167
168
171
172
173
174
175
187
176
177
178
179
180
183
181
182
186
184
185
188
189
190
195
191
193
192
194
196
197
198
202
199
200
201
203
204
205
208
206
207
209
210
211
212
213
214
216
217
218
219
229
220
221
222
223
224
225
226
227
239
228
230
231
234
232
233
235
236
237
238
240
242
241
243
244
245
246
247
248
250
249
251
252
257
253
254
255
256
258
266
259
260
261
262
263
264
265
267
273
268
269
276
270
271
272
275
274
277
283
278
279
280
281
282
284
317
285
286
287
288
299
289
290
291
293
292
294
295
296
297
298
302
300
301
303
304
305
310
306
307
308
309
311
312
313
314
315
316
319
318
320
321
322
323
324
325
327
326
328
330
329
331
332
333
334
335
343
336
337
338
339
340
341
350
342
344
347
345
348
346
349
351
371
352
354
353
355
356
358
357
359
362
360
361
363
364
365
368
366
367
369
370
372
373
375
374
376
381
377
379
378
380
382
389
383
384
385
386
387
391
388
390
392
393
394
395
396
413
397
398
417
399
400
401
402
404
403
405
406
409
407
408
410
411
412
414
415
418
416
419
423
420
421
422
425
424
426
427
428
439
429
430
431
432
433
434
435
437
436
438
441
440
442
443
444
447
445
446
448
449
813
450
452
451
453
454
455
456
457
459
458
460
461
490
462
463
464
465
471
466
467
468
472
469
470
473
475
474
476
478
477
479
480
484
481
482
485
483
486
491
487
488
489
492
508
493
498
494
495
496
497
500
499
501
502
503
505
504
506
513
507
509
510
511
512
514
516
515
517
518
520
519
521
522
523
527
524
525
526
528
529
536
530
531
532
533
534
535
537
538
539
540
633
541
542
543
545
544
546
586
547
548
549
550
554
551
553
552
555
558
556
557
559
587
560
561
562
564
563
566
565
567
568
571
569
570
572
575
573
574
576
577
580
578
579
581
582
583
585
584
589
588
590
591
593
592
594
607
595
596
597
603
598
599
600
601
602
604
605
606
608
745
609
618
610
612
611
613
614
615
616
619
617
620
621
622
628
623
624
625
626
627
629
630
682
631
632
634
636
635
637
638
650
639
640
641
651
642
643
644
645
648
646
647
649
652
657
653
655
654
656
658
659
660
720
661
662
663
668
664
665
666
667
669
671
670
672
673
674
675
676
677
678
681
679
680
686
683
684
685
687
688
690
689
691
692
702
693
694
696
695
697
698
699
700
701
703
710
704
705
706
707
709
708
711
716
712
713
724
714
715
717
718
719
723
721
722
725
726
839
727
728
729
730
731
746
732
733
734
735
741
736
737
739
738
740
742
743
749
744
747
750
748
751
777
752
753
754
755
756
757
758
781
759
760
761
764
762
763
765
767
766
768
769
770
771
780
772
773
774
779
775
776
778
782
783
785
784
786
787
788
790
789
791
792
793
796
795
797
798
806
799
800
801
802
803
804
805
809
807
810
808
811
818
812
814
815
816
817
819
820
821
822
823
824
825
826
836
827
828
829
835
830
832
831
834
833
837
838
840
841
975
842
844
843
845
846
848
847
849
883
850
852
851
853
854
855
856
858
857
860
859
861
862
875
863
864
867
865
866
868
870
869
871
872
880
873
878
874
876
877
879
881
890
882
884
885
886
888
887
889
891
896
892
893
895
894
897
907
898
899
900
904
901
902
903
905
906
908
909
910
931
911
913
912
916
914
915
917
918
919
920
921
922
923
924
933
925
926
927
928
934
929
930
932
935
936
937
938
939
941
940
942
943
944
945
954
946
947
951
948
949
950
952
953
955
970
956
957
967
958
961
959
960
962
963
964
965
966
968
969
971
979
972
973
974
976
977
980
978
981
1000
982
983
984
987
985
986
988
998
989
990
991
993
992
994
995
996
997
999
794


====== Vettore ordinato con quicksort con scelta del pivot banale ======


Durata dell'esecuzione in microsecondi: 428


====== Vettore ordinato con quicksort randomizzato ======

1
2
8
3
6
4
5
7
9
11
10
12
13
14
15
90
16
17
18
19
28
20
24
21
22
27
23
25
26
29
30
31
32
34
33
36
35
37
47
38
39
40
41
44
42
43
45
46
48
49
50
75
51
54
52
53
55
57
56
58
59
60
61
62
63
64
65
67
66
68
69
70
76
71
72
74
73
77
112
78
82
79
80
81
83
84
85
86
88
87
89
91
95
92
93
94
96
97
98
102
99
101
100
103
104
105
106
125
107
108
111
109
118
110
113
117
114
115
116
119
123
120
121
122
124
128
126
127
129
130
131
132
215
133
134
135
136
138
137
139
140
152
141
142
143
144
145
146
147
148
149
154
150
151
153
155
156
157
158
169
159
160
161
163
162
164
170
165
166
167
168
171
172
173
174
175
187
176
177
178
179
180
183
181
182
186
184
185
188
189
190
195
191
193
192
194
196
197
198
202
199
200
201
203
204
205
208
206
207
209
210
211
212
213
214
216
217
218
219
229
220
221
222
223
224
225
226
227
239
228
230
231
234
232
233
235
236
237
238
240
242
241
243
244
245
246
247
248
250
249
251
252
257
253
254
255
256
258
266
259
260
261
262
263
264
265
267
273
268
269
276
270
271
272
275
274
277
283
278
279
280
281
282
284
317
285
286
287
288
299
289
290
291
293
292
294
295
296
297
298
302
300
301
303
304
305
310
306
307
308
309
311
312
313
314
315
316
319
318
320
321
322
323
324
325
327
326
328
330
329
331
332
333
334
335
343
336
337
338
339
340
341
350
342
344
347
345
348
346
349
351
371
352
354
353
355
356
358
357
359
362
360
361
363
364
365
368
366
367
369
370
372
373
850
374
375
376
393
377
378
379
381
380
382
383
389
384
385
386
387
388
391
390
392
394
395
396
403
397
398
406
399
402
400
401
404
405
407
408
409
410
558
411
412
413
414
415
417
416
418
419
420
426
421
422
423
424
427
425
428
429
432
430
431
433
434
445
435
436
437
438
439
441
440
442
443
444
447
446
448
454
450
453
455
503
460
462
480
463
467
468
469
474
477
484
486
495
487
488
490
489
491
496
494
497
498
499
502
504
505
507
508
509
511
513
512
515
517
841
523
526
549
527
529
531
533
544
537
550
552
553
555
577
556
557
570
559
567
562
563
573
579
581
583
883
584
586
587
588
593
621
595
599
600
601
603
615
634
619
622
627
628
630
629
631
632
636
646
637
638
639
655
649
650
656
660
666
668
671
690
673
676
692
691
693
694
730
700
706
704
710
711
718
728
732
733
810
735
736
738
737
741
805
743
744
750
751
752
755
761
756
762
766
772
773
785
787
790
791
801
800
803
813
829
816
819
818
821
823
828
834
837
843
844
852
854
853
855
991
860
878
863
864
875
865
870
872
880
881
927
885
887
888
891
889
892
910
893
895
898
899
900
907
912
915
916
920
923
935
957
937
938
940
943
954
955
964
968
970
975
973
977
982
984
994
986
990
988
993
995
997
998
449
869
451
452
458
456
457
459
461
464
465
466
470
471
472
473
478
475
479
476
481
482
483
485
492
538
493
500
501
506
510
516
514
519
518
520
521
528
522
524
525
530
532
534
535
536
539
540
572
541
542
554
543
545
546
547
551
548
560
561
565
564
566
576
568
569
571
575
574
578
658
580
582
589
585
590
591
592
759
594
596
597
598
602
604
605
606
608
607
609
610
611
612
678
613
614
616
617
618
683
620
623
624
625
626
633
635
640
641
642
644
643
648
645
647
651
652
675
653
654
659
657
662
661
663
664
667
665
669
670
672
674
677
679
680
681
682
685
684
686
687
698
688
689
695
696
697
701
699
702
703
705
707
708
709
712
713
714
726
715
716
719
717
720
721
722
723
725
724
727
729
731
779
734
739
740
745
742
746
747
748
749
753
754
757
758
760
763
764
765
778
767
768
769
770
771
774
780
775
777
776
781
782
784
783
797
786
792
788
789
793
796
795
798
799
802
804
806
817
807
808
809
811
812
814
815
820
822
825
824
826
827
842
830
831
832
833
835
836
838
839
840
845
846
857
847
848
849
851
861
856
858
862
859
866
871
867
868
873
874
876
879
877
882
894
884
886
890
896
999
897
901
902
922
903
914
904
905
911
906
908
909
913
917
918
919
926
921
924
925
928
951
929
930
931
932
933
936
934
939
941
942
944
945
949
946
947
950
948
958
952
956
953
959
960
961
962
963
965
969
966
967
971
978
972
974
976
979
989
980
981
985
983
987
992
1000
996
794


====== Vettore ordinato con quicksort randomizzato ======


Durata dell'esecuzione in microsecondi: 223
